# cat /home/file
1231 1234 1342 1 4 3 124 1 55 4 2 60 12 1 1 65 23 24 12 234 563 321 1321 3332 7654 543 675 7065 3168 7691 5356 3302 9329 231464 8893452 9 6 21 654 381 31 1 10 7 632 675321 9032453 
# make
# insmod quick_sort.ko
# lsmod |grep quick_sort
quick_sort            262144  0
# rmmod quick_sort
# dmesg |tail -n53
[ 1467.437300] Start quick sort module !
[ 1467.437777] Before quick sort, current time is 1627998089 s  707109 us
[ 1467.438155] After quick sort, current time is 1627998089 s  707488 us
[ 1467.438712] Quick sort takes 379 us
[ 1467.439274] The result after quick sort is :
[ 1467.440100]  1
[ 1467.440101]  1
[ 1467.440383]  1
[ 1467.440682]  1
[ 1467.440962]  1
[ 1467.441242]  2
[ 1467.441529]  3
[ 1467.441856]  4
[ 1467.442140]  4
[ 1467.442422]  6
[ 1467.442701]  7
[ 1467.442981]  9
[ 1467.443257]  10
[ 1467.443535]  12
[ 1467.443819]  12
[ 1467.444100]  21
[ 1467.444381]  23
[ 1467.444677]  24
[ 1467.444958]  31
[ 1467.445240]  55
[ 1467.445529]  60
[ 1467.445858]  65
[ 1467.446143]  124
[ 1467.446425]  207
[ 1467.446712]  234
[ 1467.446999]  321
[ 1467.447289]  381
[ 1467.447577]  543
[ 1467.447866]  563
[ 1467.448155]  632
[ 1467.448443]  654
[ 1467.448739]  675
[ 1467.449026]  1231
[ 1467.449311]  1234
[ 1467.449601]  1321
[ 1467.449938]  1342
[ 1467.450234]  3168
[ 1467.450528]  3302
[ 1467.450821]  3332
[ 1467.451114]  5356
[ 1467.451405]  7065
[ 1467.451694]  7654
[ 1467.451981]  7691
[ 1467.452263]  9329
[ 1467.452567]  231464
[ 1467.452847]  675321
[ 1467.453111]  8893452
[ 1467.453366]  9032453
# make clean