# cat /home/file
1231 1234 1342 1 4 3 124 1 55 4 2 60 12 1 1 65 23 24 12 234 563 321 1321 3332 7654 543 675 7065 3168 7691 5356 3302 9329 231464 8893452 9 6 21 654 381 31 1 10 7 632 675321 9032453 [root@kunpeng task3]#
# make
# insmod bubble_sort.ko
# lsmod | grep bubble_sort
bubble_sort           262144  0
# rmmod bubble_sort
# dmesg | tail -n53
[  946.743501] Start bubble sort module !
[  946.743509] Before bubble sort, current time is 1627997569 s  9115  us
[  946.743823] After bubble sort, current time is 1627997569 s  9430  us
[  946.744271] Bubble sort takes 315 us
[  946.744705] The result after bubble sort is :
[  946.745258] 1
[  946.745258] 1
[  946.745367] 1
[  946.745522] 1
[  946.745636] 1
[  946.745742] 2
[  946.745849] 3
[  946.745957] 4
[  946.746066] 4
[  946.746172] 6
[  946.746278] 7
[  946.746387] 9
[  946.746495] 10
[  946.746602] 12
[  946.746714] 12
[  946.746841] 21
[  946.746958] 23
[  946.747072] 24
[  946.747185] 31
[  946.747298] 55
[  946.747420] 60
[  946.747537] 65
[  946.747652] 124
[  946.747766] 207
[  946.747890] 234
[  946.748455] 321
[  946.748969] 381
[  946.749489] 543
[  946.749961] 563
[  946.750404] 632
[  946.750834] 654
[  946.751217] 675
[  946.751594] 1231
[  946.751954] 1234
[  946.752305] 1321
[  946.752646] 1342
[  946.752976] 3168
[  946.753311] 3302
[  946.753680] 3332
[  946.753993] 5356
[  946.754290] 7065
[  946.754577] 7654
[  946.754876] 7691
[  946.755154] 9329
[  946.755435] 231464
[  946.755696] 675321
[  946.755959] 8893452
[  946.756211] 9032453
# make clean